    0.0000     0.0000     0.0000     0.0000     0.0000 
    0.0000     0.0000     0.0000     0.0000     0.0000 
    0.0000     0.0000     0.0000     0.0000     0.0000 
    0.0000     0.0000     0.0000     0.0000     0.0000 
    1.4876     2.0596     1.0982     2.2809     1.7702 
    0.3927     0.3433     0.6144     0.5253     0.4470 
   -2.9204    -3.7223    -2.4237    -4.7340    -3.5260 
   -0.8909    -1.6041     0.0281    -1.9168    -1.2329 
    0.2286     0.0858     0.6661     0.0455     0.2272 
    0.4763     0.2111     1.1346     0.1188     0.3964 
   -0.9598    -1.3366    -0.6989    -1.6458    -1.2396 
    0.6425     0.5210     1.2608     0.5469     0.6800 
   -0.5304    -0.3775    -1.1573    -0.4557    -0.5799 
    2.1750     2.7666     1.8046     3.3127     2.5178 
   -0.1238    -0.3096    -0.0083    -0.1730    -0.2087 
   -1.7038    -2.1162    -1.6628    -2.4680    -2.0313 
   -2.6298    -3.3585    -2.3538    -3.9187    -3.1354 
   -0.6183    -0.7554    -0.6628    -0.6911    -0.6095 
    0.0000     0.0000     0.0000     0.0000     0.0000 
    0.0000     0.0000     0.0000     0.0000     0.0000 
    0.0000     0.0000     0.0000     0.0000     0.0000 
    1.4876     2.0596     1.0982     2.2809     1.7702 
    0.3927     0.3433     0.6144     0.5253     0.4470 
   -2.9204    -3.7223    -2.4237    -4.7340    -3.5260 
   -0.8909    -1.6041     0.0281    -1.9168    -1.2329 
    0.2286     0.0858     0.6661     0.0455     0.2272 
    0.4763     0.2111     1.1346     0.1188     0.3964 
   -0.9598    -1.3366    -0.6989    -1.6458    -1.2396 
    0.6425     0.5210     1.2608     0.5469     0.6800 
   -0.5304    -0.3775    -1.1573    -0.4557    -0.5799 
    2.1750     2.7666     1.8046     3.3127     2.5178 
   -0.1238    -0.3096    -0.0083    -0.1730    -0.2087 
   -1.7038    -2.1162    -1.6628    -2.4680    -2.0313 
   -2.6298    -3.3585    -2.3538    -3.9187    -3.1354 
    0.4786     0.6180     0.4522     0.6815     0.5737 
    1.4876     2.0596     1.0982     2.2809     1.7702 
    0.3927     0.3433     0.6144     0.5253     0.4470 
   -2.9204    -3.7223    -2.4237    -4.7340    -3.5260 
   -0.8909    -1.6041     0.0281    -1.9168    -1.2329 
    0.2286     0.0858     0.6661     0.0455     0.2272 
    0.4763     0.2111     1.1346     0.1188     0.3964 
   -0.9598    -1.3366    -0.6989    -1.6458    -1.2396 
    0.6425     0.5210     1.2608     0.5469     0.6800 
   -0.5304    -0.3775    -1.1573    -0.4557    -0.5799 
    2.1750     2.7666     1.8046     3.3127     2.5178 
   -0.1238    -0.3096    -0.0083    -0.1730    -0.2087 
   -1.7038    -2.1162    -1.6628    -2.4680    -2.0313 
   -2.6298    -3.3585    -2.3538    -3.9187    -3.1354 
   -0.1224    -0.1224    -0.1224    -0.1224    -0.1224 


Value of temporary X: 
[3 5 1 1]
    0.2913     0.4308     0.1644     0.5687     0.4104 
   -0.5686    -0.5647    -0.7598    -0.6213    -0.6017 
    0.4208     0.6368     0.0741     1.0076     0.6106 


Value of Yhat: 
[3 5 1 1]
    0.2913     0.4308     0.1644     0.5687     0.4104 
   -0.5686    -0.5647    -0.7598    -0.6213    -0.6017 
    0.4208     0.6368     0.0741     1.0076     0.6106 

    --> before line 747, Z = Q 

    UAF group array:
[15 5 1 1]
   -0.1731    -0.1773    -0.2014    -0.1658    -0.1673 
    0.1531     0.2262     0.1072     0.1580     0.1522 
    0.6813     0.8130     0.7667     0.9136     0.7754 
   -0.2177    -0.2249    -0.2687    -0.2057    -0.2082 
    0.1342     0.1881     0.0973     0.1379     0.1334 
    0.4406     0.4957     0.4770     0.5339     0.4806 
   -0.0766    -0.0811    -0.1110    -0.0692    -0.0707 
    0.0414     0.0861     0.0209     0.0439     0.0409 
   -0.6445    -0.8838    -0.7959    -1.0883    -0.8122 
    0.2694     0.2802     0.3494     0.2517     0.2553 
   -0.1169    -0.1545    -0.0881    -0.1197    -0.1163 
   -0.2646    -0.2741    -0.2715    -0.2776    -0.2720 
    1.0000     1.0000     1.0000     1.0000     1.0000 
    1.0000     1.0000     1.0000     1.0000     1.0000 
    1.0000     1.0000     1.0000     1.0000     1.0000 

    Tileerror:
[15 5 1 1]
   -0.0590    -0.0610    -0.2068    -0.0557    -0.0564 
   -0.0973    -0.0826     0.0260     0.0370    -0.0975 
    0.1261     0.1449     0.1384     0.0255     0.1397 
   -0.0590    -0.0610    -0.2068    -0.0557    -0.0564 
   -0.0973    -0.0826     0.0260     0.0370    -0.0975 
    0.1261     0.1449     0.1384     0.0255     0.1397 
   -0.0590    -0.0610    -0.2068    -0.0557    -0.0564 
   -0.0973    -0.0826     0.0260     0.0370    -0.0975 
    0.1261     0.1449     0.1384     0.0255     0.1397 
   -0.0590    -0.0610    -0.2068    -0.0557    -0.0564 
   -0.0973    -0.0826     0.0260     0.0370    -0.0975 
    0.1261     0.1449     0.1384     0.0255     0.1397 
   -0.0590    -0.0610    -0.2068    -0.0557    -0.0564 
   -0.0973    -0.0826     0.0260     0.0370    -0.0975 
    0.1261     0.1449     0.1384     0.0255     0.1397 

Temporary weight initially: 
[48 1 1 1]
    0.1748 
    0.1194 
   -0.3348 
   -0.0541 
   -0.3016 
   -0.2844 
   -0.0045 
    0.1526 
    0.1927 
   -0.0000 
   -0.0000 
    0.0000 
   -0.0128 
    0.1020 
    0.1695 
   -0.1287 
    0.0258 
   -0.0324 
    0.2116 
   -0.0215 
   -0.2158 
   -0.1137 
    0.1904 
   -0.0672 
    0.1921 
    0.0401 
   -0.1598 
   -0.1740 
    0.0209 
   -0.1659 
   -0.2196 
    0.2013 
   -0.0726 
    0.0302 
    0.1935 
   -0.1243 
    0.0802 
   -0.1834 
   -0.2151 
    0.1196 
    0.1924 
    0.0579 
    0.0563 
    0.1342 
    0.1693 
    0.0004 
   -0.1857 
    0.0000 